MSE: 26.999421984410095
RMSE: 5.196096802832882